[gd_scene load_steps=17 format=3 uid="uid://dwhfa37eco6ou"]

[ext_resource type="Script" path="res://src/scenes/player/player.gd" id="1"]
[ext_resource type="Animation" uid="uid://did7wgxajorcj" path="res://src/scenes/player/animations/Run.res" id="3_dookk"]
[ext_resource type="Animation" uid="uid://d3qne51cs1jst" path="res://src/scenes/player/animations/TPose.res" id="4_1fkar"]
[ext_resource type="Animation" uid="uid://cteo4f0w61sr3" path="res://src/scenes/player/animations/Walk.res" id="5_aa5ry"]
[ext_resource type="Material" uid="uid://pecox670ug75" path="res://assets/material/toon_cull_disabled.tres" id="6_dtaqx"]
[ext_resource type="Animation" uid="uid://cnhpro4tf2772" path="res://src/scenes/player/animations/Idle.res" id="6_er4h8"]
[ext_resource type="ArrayMesh" uid="uid://8fuwnqn5wv5p" path="res://src/scenes/player/Hood.res" id="8_2ml31"]
[ext_resource type="ArrayMesh" uid="uid://dulr7o1t1xkxo" path="res://src/scenes/player/Body.res" id="10_ub6pb"]
[ext_resource type="AnimationNodeBlendTree" uid="uid://bkd2fgchbkohn" path="res://src/scenes/player/player_animation_tree_root.tres" id="13"]

[sub_resource type="CapsuleShape3D" id="CapsuleShape3D_3ipw1"]
radius = 0.146486
height = 1.77593

[sub_resource type="AnimationLibrary" id="AnimationLibrary_rr5qu"]

[sub_resource type="AnimationLibrary" id="AnimationLibrary_jdmg7"]
_data = {
"Idle": ExtResource("6_er4h8"),
"Run": ExtResource("3_dookk"),
"TPose": ExtResource("4_1fkar"),
"Walk": ExtResource("5_aa5ry")
}

[sub_resource type="Skin" id="Skin_aj47a"]
resource_name = "Skin"
bind_count = 74
bind/0/name = &"root.x"
bind/0/bone = -1
bind/0/pose = Transform3D(1, 0, 7.06513e-06, 0, -1, 0, 7.06513e-06, 0, -1, 4.06039e-08, 1.18737, -0.00574708)
bind/1/name = &"foot.l"
bind/1/bone = -1
bind/1/pose = Transform3D(-0.999998, 3.93367e-07, 0.00200836, 0.0017899, -0.453388, 0.891312, 0.000910918, 0.891313, 0.453387, 0.172921, 0.0403283, -0.0827314)
bind/2/name = &"toes_01.l"
bind/2/bone = -1
bind/2/pose = Transform3D(0.999998, 0.000642278, -0.00177155, 0.00188436, -0.34627, 0.938133, -1.08952e-05, -0.938135, -0.346271, -0.172969, -0.11328, 0.069871)
bind/3/name = &"thigh_twist.l"
bind/3/bone = -1
bind/3/pose = Transform3D(0.285225, 0.113369, 0.951732, 0.100905, -0.991014, 0.087808, 0.953134, 0.0709892, -0.294101, -0.12101, 1.05494, -0.170995)
bind/4/name = &"foot.r"
bind/4/bone = -1
bind/4/pose = Transform3D(-0.999998, -3.93367e-07, -0.00200836, -0.0017899, -0.453388, 0.891312, -0.000910918, 0.891313, 0.453387, -0.172921, 0.0403283, -0.0827314)
bind/5/name = &"toes_01.r"
bind/5/bone = -1
bind/5/pose = Transform3D(0.999998, -0.000642278, 0.00177155, -0.00188436, -0.34627, 0.938133, 1.08952e-05, -0.938135, -0.346271, 0.172969, -0.11328, 0.069871)
bind/6/name = &"thigh_twist.r"
bind/6/bone = -1
bind/6/pose = Transform3D(0.285225, -0.113369, -0.951732, -0.100905, -0.991014, 0.087808, -0.953134, 0.0709892, -0.294101, 0.12101, 1.05494, -0.170995)
bind/7/name = &"spine_01.x"
bind/7/bone = -1
bind/7/pose = Transform3D(0.999978, -2.73681e-06, 0.00660255, 1.12095e-10, 1, 0.000414491, -0.00660255, -0.000414499, 0.999978, 4.0879e-05, -1.18737, 0.00619126)
bind/8/name = &"spine_02.x"
bind/8/bone = -1
bind/8/pose = Transform3D(1, 9.86351e-11, -2.37953e-07, 2.25098e-14, 1, 0.00041461, 2.37953e-07, -0.000414515, 1, -1.47326e-09, -1.30281, 0.00619141)
bind/9/name = &"spine_03.x"
bind/9/bone = -1
bind/9/pose = Transform3D(1, 8.83502e-18, -2.13143e-14, 2.10104e-21, 1, 0.00041461, 2.13143e-14, -0.000414511, 1, -1.31966e-16, -1.41825, 0.0061914)
bind/10/name = &"spine_04.x"
bind/10/bone = -1
bind/10/pose = Transform3D(1, 2.94559e-18, -7.10609e-15, 6.72084e-22, 1, 0.00041461, 7.10609e-15, -0.000414515, 1, -4.39967e-17, -1.5337, 0.00619141)
bind/11/name = &"shoulder.r"
bind/11/bone = -1
bind/11/pose = Transform3D(0.256039, -0.00192637, -0.966665, -0.966666, -1.45519e-10, -0.256039, 0.000493225, 0.999998, -0.00186215, 0.0681443, -0.0330642, -1.67082)
bind/12/name = &"c_arm_twist_offset.r"
bind/12/bone = -1
bind/12/pose = Transform3D(0.0679998, -0.0262453, -0.99734, -0.997311, -0.0291689, -0.0672303, -0.0273268, 0.99923, -0.0281582, 0.0727175, -0.144025, -1.67453)
bind/13/name = &"shoulder.l"
bind/13/bone = -1
bind/13/pose = Transform3D(0.256039, 0.00192637, 0.966665, 0.966666, -1.45519e-10, -0.256039, -0.000493225, 0.999998, -0.00186215, -0.0681443, -0.0330642, -1.67082)
bind/14/name = &"c_arm_twist_offset.l"
bind/14/bone = -1
bind/14/pose = Transform3D(0.0679998, 0.0262453, 0.99734, 0.997311, -0.0291689, -0.0672303, 0.0273268, 0.99923, -0.0281582, -0.0727175, -0.144025, -1.67453)
bind/15/name = &"spine_05.x"
bind/15/bone = -1
bind/15/pose = Transform3D(1, 2.94553e-18, -7.10609e-15, -1.20768e-22, 1, 0.000414491, 7.10609e-15, -0.000414508, 1, -4.39966e-17, -1.64914, 0.0061914)
bind/16/name = &"neck.x"
bind/16/bone = -1
bind/16/pose = Transform3D(0.99991, -0.00262415, -0.0131935, 2.32831e-10, 0.980788, -0.195076, 0.0134519, 0.195059, 0.980699, 0.00455852, -1.778, -0.338844)
bind/17/name = &"subneck_twist_1.x"
bind/17/bone = -1
bind/17/pose = Transform3D(0.99991, -0.00262416, -0.0131935, 0, 0.980788, -0.195077, 0.0134519, 0.195059, 0.980699, 0.00455854, -1.73176, -0.338845)
bind/18/name = &"head.x"
bind/18/bone = -1
bind/18/pose = Transform3D(1, 0, 6.80429e-05, 8.11134e-12, 1, -1.19209e-07, -6.80429e-05, 0, 1, 1.59925e-06, -1.85531, 0.0235035)
bind/19/name = &"leg_stretch.l"
bind/19/bone = -1
bind/19/pose = Transform3D(0.294663, 0.00266874, 0.955598, 0.0686219, -0.997474, -0.0183742, 0.953134, 0.0709892, -0.294101, -0.0523628, 0.621372, -0.170995)
bind/20/name = &"leg_twist.l"
bind/20/bone = -1
bind/20/pose = Transform3D(0.294663, 0.00266874, 0.955598, 0.0686219, -0.997474, -0.0183742, 0.953134, 0.0709892, -0.294101, -0.0523628, 0.350659, -0.170995)
bind/21/name = &"leg_stretch.r"
bind/21/bone = -1
bind/21/pose = Transform3D(0.294663, -0.00266874, -0.955598, -0.0686219, -0.997474, -0.0183742, -0.953134, 0.0709892, -0.294101, 0.0523628, 0.621372, -0.170995)
bind/22/name = &"leg_twist.r"
bind/22/bone = -1
bind/22/pose = Transform3D(0.294663, -0.00266874, -0.955598, -0.0686219, -0.997474, -0.0183742, -0.953134, 0.0709892, -0.294101, 0.0523628, 0.350659, -0.170995)
bind/23/name = &"thigh_stretch.l"
bind/23/bone = -1
bind/23/pose = Transform3D(0.285225, 0.113369, 0.951732, 0.100905, -0.991014, 0.0878079, 0.953134, 0.0709892, -0.294101, -0.12101, 0.833331, -0.170994)
bind/24/name = &"thigh_stretch.r"
bind/24/bone = -1
bind/24/pose = Transform3D(0.285225, -0.113369, -0.951732, -0.100905, -0.991014, 0.0878079, -0.953134, 0.0709892, -0.294101, 0.12101, 0.833331, -0.170994)
bind/25/name = &"arm_stretch.l"
bind/25/bone = -1
bind/25/pose = Transform3D(0.0679998, 0.0262445, 0.99734, 0.997311, -0.0291681, -0.0672301, 0.0273261, 0.99923, -0.0281574, -0.0727161, -0.296275, -1.67453)
bind/26/name = &"arm_stretch.r"
bind/26/bone = -1
bind/26/pose = Transform3D(0.0679998, -0.0262445, -0.99734, -0.997311, -0.0291681, -0.0672301, -0.0273261, 0.99923, -0.0281574, 0.0727161, -0.296275, -1.67453)
bind/27/name = &"forearm_stretch.l"
bind/27/bone = -1
bind/27/pose = Transform3D(-0.00955491, 0.0284282, 0.99955, 0.999581, -0.0270451, 0.0103244, 0.0273264, 0.99923, -0.0281578, -0.0377111, -0.452811, -1.67453)
bind/28/name = &"forearm_twist.l"
bind/28/bone = -1
bind/28/pose = Transform3D(-0.00856689, 0.0643127, 0.997893, 0.999581, -0.0270451, 0.0103244, 0.0276521, 0.997563, -0.064054, -0.0978536, -0.61701, -1.67209)
bind/29/name = &"forearm_stretch.r"
bind/29/bone = -1
bind/29/pose = Transform3D(-0.00955491, -0.0284282, -0.99955, -0.999581, -0.0270451, 0.0103244, -0.0273264, 0.99923, -0.0281578, 0.0377111, -0.452811, -1.67453)
bind/30/name = &"forearm_twist.r"
bind/30/bone = -1
bind/30/pose = Transform3D(-0.00856689, -0.0643127, -0.997893, -0.999581, -0.0270451, 0.0103244, -0.0276521, 0.997563, -0.064054, 0.0978536, -0.61701, -1.67209)
bind/31/name = &"hand.l"
bind/31/bone = -1
bind/31/pose = Transform3D(0.0309488, 0.0631948, 0.997521, 0.998897, 0.0333089, -0.0331016, -0.0353182, 0.997445, -0.0620942, -0.128657, -0.880481, -1.61987)
bind/32/name = &"c_pinky1_base.l"
bind/32/bone = -1
bind/32/pose = Transform3D(0.110385, 0.0667642, 0.991644, 0.993761, -0.0234322, -0.109043, 0.0159562, 0.997494, -0.0689343, -0.177942, -0.786118, -1.66291)
bind/33/name = &"pinky1.l"
bind/33/bone = -1
bind/33/pose = Transform3D(0.0336895, 0.067558, 0.997146, 0.999425, 0.00152589, -0.0338698, -0.00380971, 0.997714, -0.0674677, -0.109471, -0.91059, -1.64529)
bind/34/name = &"c_pinky2.l"
bind/34/bone = -1
bind/34/pose = Transform3D(-0.0179318, 0.0626778, 0.997873, 0.999767, 0.0130772, 0.0171445, -0.0119748, 0.997948, -0.0628978, -0.0528666, -0.96083, -1.63784)
bind/35/name = &"c_pinky3.l"
bind/35/bone = -1
bind/35/pose = Transform3D(-0.0252282, 0.0673453, 0.997411, 0.998553, -0.0457034, 0.0283431, 0.0474939, 0.996683, -0.0660948, -0.0535526, -0.886223, -1.69319)
bind/36/name = &"c_ring1_base.l"
bind/36/bone = -1
bind/36/pose = Transform3D(0.0382013, 0.0650762, 0.997149, 0.999206, 0.00878905, -0.0388536, -0.0112924, 0.997842, -0.0646888, -0.129098, -0.842179, -1.64126)
bind/37/name = &"ring1.l"
bind/37/bone = -1
bind/37/pose = Transform3D(-0.0175518, 0.064143, 0.997786, 0.99981, -0.00730143, 0.0180568, 0.00844348, 0.997914, -0.0640027, -0.0768718, -0.896408, -1.65931)
bind/38/name = &"c_ring2.l"
bind/38/bone = -1
bind/38/pose = Transform3D(-0.0157724, 0.0635492, 0.997854, 0.99956, 0.026078, 0.0141386, -0.0251235, 0.997638, -0.0639325, -0.0775826, -0.994414, -1.6269)
bind/39/name = &"c_ring3.l"
bind/39/bone = -1
bind/39/pose = Transform3D(-0.038595, 0.0632885, 0.997249, 0.999045, -0.017991, 0.0398064, 0.0204608, 0.997833, -0.0625338, -0.0549247, -0.943027, -1.67162)
bind/40/name = &"c_middle1_base.l"
bind/40/bone = -1
bind/40/pose = Transform3D(-0.0431913, 0.0623938, 0.997117, 0.998604, 0.0330633, 0.0411869, -0.0303982, 0.997504, -0.0637347, -0.0714414, -0.881063, -1.62498)
bind/41/name = &"middle1.l"
bind/41/bone = -1
bind/41/pose = Transform3D(-0.0124268, 0.0632645, 0.997919, 0.9999, -0.00589938, 0.0128255, 0.0066985, 0.997979, -0.0631849, -0.100861, -0.899399, -1.6595)
bind/42/name = &"c_middle2.l"
bind/42/bone = -1
bind/42/pose = Transform3D(-0.0184349, 0.0635878, 0.997806, 0.999813, 0.00692818, 0.0180305, -0.00576645, 0.997952, -0.0637036, -0.0956582, -0.96634, -1.64755)
bind/43/name = &"c_middle3.l"
bind/43/bone = -1
bind/43/pose = Transform3D(-0.0157978, 0.0636108, 0.99785, 0.999874, -0.000695203, 0.0158742, 0.00170348, 0.997975, -0.0635918, -0.0982721, -0.975446, -1.65488)
bind/44/name = &"c_index1_base.l"
bind/44/bone = -1
bind/44/pose = Transform3D(-0.110756, 0.0590127, 0.992094, 0.993568, 0.0302326, 0.109122, -0.023554, 0.997799, -0.0619816, -0.0230459, -0.873331, -1.63032)
bind/45/name = &"index1.l"
bind/45/bone = -1
bind/45/pose = Transform3D(-0.0481444, 0.0608561, 0.996985, 0.998789, 0.013069, 0.0474339, -0.0101429, 0.998061, -0.0614116, -0.083115, -0.930371, -1.64295)
bind/46/name = &"c_index2.l"
bind/46/bone = -1
bind/46/pose = Transform3D(0.00499557, 0.0643107, 0.997917, 0.999982, 0.00279554, -0.005186, -0.00312324, 0.997926, -0.0642957, -0.139256, -0.952699, -1.6493)
bind/47/name = &"c_index3.l"
bind/47/bone = -1
bind/47/pose = Transform3D(-0.0233678, 0.0633204, 0.99772, 0.999161, 0.0350477, 0.0211773, -0.0336268, 0.997378, -0.0640863, -0.109986, -1.03176, -1.61869)
bind/48/name = &"thumb1.l"
bind/48/bone = -1
bind/48/pose = Transform3D(-0.122923, -0.984733, 0.123255, 0.805795, -0.0265387, 0.591599, -0.579296, 0.172039, 0.796755, 1.72068, -0.618084, 0.185956)
bind/49/name = &"c_thumb2.l"
bind/49/bone = -1
bind/49/pose = Transform3D(-0.214024, -0.976809, 0.00614654, 0.839991, -0.180827, 0.511582, -0.498606, 0.114654, 0.859213, 1.79127, -0.450456, 0.207945)
bind/50/name = &"c_thumb3.l"
bind/50/bone = -1
bind/50/pose = Transform3D(-0.188546, -0.981839, -0.0210156, 0.945559, -0.187276, 0.266167, -0.265269, 0.0303133, 0.963698, 1.77817, -0.570066, 0.127027)
bind/51/name = &"hand.r"
bind/51/bone = -1
bind/51/pose = Transform3D(0.0309488, -0.0631948, -0.997521, -0.998897, 0.0333089, -0.0331016, 0.0353182, 0.997445, -0.0620942, 0.128657, -0.880481, -1.61987)
bind/52/name = &"c_pinky1_base.r"
bind/52/bone = -1
bind/52/pose = Transform3D(0.110385, -0.0667642, -0.991644, -0.993761, -0.0234322, -0.109043, -0.0159562, 0.997494, -0.0689343, 0.177942, -0.786118, -1.66291)
bind/53/name = &"pinky1.r"
bind/53/bone = -1
bind/53/pose = Transform3D(0.0336895, -0.067558, -0.997146, -0.999425, 0.00152589, -0.0338698, 0.00380971, 0.997714, -0.0674677, 0.109471, -0.91059, -1.64529)
bind/54/name = &"c_pinky2.r"
bind/54/bone = -1
bind/54/pose = Transform3D(-0.0179318, -0.0626778, -0.997873, -0.999767, 0.0130772, 0.0171445, 0.0119748, 0.997948, -0.0628978, 0.0528666, -0.96083, -1.63784)
bind/55/name = &"c_pinky3.r"
bind/55/bone = -1
bind/55/pose = Transform3D(-0.0252282, -0.0673453, -0.997411, -0.998553, -0.0457034, 0.0283431, -0.0474939, 0.996683, -0.0660948, 0.0535526, -0.886223, -1.69319)
bind/56/name = &"c_ring1_base.r"
bind/56/bone = -1
bind/56/pose = Transform3D(0.0382013, -0.0650762, -0.997149, -0.999206, 0.00878905, -0.0388536, 0.0112924, 0.997842, -0.0646888, 0.129098, -0.842179, -1.64126)
bind/57/name = &"ring1.r"
bind/57/bone = -1
bind/57/pose = Transform3D(-0.0175518, -0.064143, -0.997786, -0.99981, -0.00730143, 0.0180568, -0.00844348, 0.997914, -0.0640027, 0.0768718, -0.896408, -1.65931)
bind/58/name = &"c_ring2.r"
bind/58/bone = -1
bind/58/pose = Transform3D(-0.0157724, -0.0635492, -0.997854, -0.99956, 0.026078, 0.0141386, 0.0251235, 0.997638, -0.0639325, 0.0775826, -0.994414, -1.6269)
bind/59/name = &"c_ring3.r"
bind/59/bone = -1
bind/59/pose = Transform3D(-0.038595, -0.0632885, -0.997249, -0.999045, -0.017991, 0.0398064, -0.0204608, 0.997833, -0.0625338, 0.0549247, -0.943027, -1.67162)
bind/60/name = &"c_middle1_base.r"
bind/60/bone = -1
bind/60/pose = Transform3D(-0.0431913, -0.0623938, -0.997117, -0.998604, 0.0330633, 0.0411869, 0.0303982, 0.997504, -0.0637347, 0.0714414, -0.881063, -1.62498)
bind/61/name = &"middle1.r"
bind/61/bone = -1
bind/61/pose = Transform3D(-0.0124268, -0.0632645, -0.997919, -0.9999, -0.00589938, 0.0128255, -0.0066985, 0.997979, -0.0631849, 0.100861, -0.899399, -1.6595)
bind/62/name = &"c_middle2.r"
bind/62/bone = -1
bind/62/pose = Transform3D(-0.0184349, -0.0635878, -0.997806, -0.999813, 0.00692818, 0.0180305, 0.00576645, 0.997952, -0.0637036, 0.0956582, -0.96634, -1.64755)
bind/63/name = &"c_middle3.r"
bind/63/bone = -1
bind/63/pose = Transform3D(-0.0157978, -0.0636108, -0.99785, -0.999874, -0.000695203, 0.0158742, -0.00170348, 0.997975, -0.0635918, 0.0982721, -0.975446, -1.65488)
bind/64/name = &"c_index1_base.r"
bind/64/bone = -1
bind/64/pose = Transform3D(-0.110756, -0.0590127, -0.992094, -0.993568, 0.0302326, 0.109122, 0.023554, 0.997799, -0.0619816, 0.0230459, -0.873331, -1.63032)
bind/65/name = &"index1.r"
bind/65/bone = -1
bind/65/pose = Transform3D(-0.0481444, -0.0608561, -0.996985, -0.998789, 0.013069, 0.0474339, 0.0101429, 0.998061, -0.0614116, 0.083115, -0.930371, -1.64295)
bind/66/name = &"c_index2.r"
bind/66/bone = -1
bind/66/pose = Transform3D(0.00499557, -0.0643107, -0.997917, -0.999982, 0.00279554, -0.005186, 0.00312324, 0.997926, -0.0642957, 0.139256, -0.952699, -1.6493)
bind/67/name = &"c_index3.r"
bind/67/bone = -1
bind/67/pose = Transform3D(-0.0233678, -0.0633204, -0.99772, -0.999161, 0.0350477, 0.0211773, 0.0336268, 0.997378, -0.0640863, 0.109986, -1.03176, -1.61869)
bind/68/name = &"thumb1.r"
bind/68/bone = -1
bind/68/pose = Transform3D(-0.122923, 0.984733, -0.123255, -0.805795, -0.0265387, 0.591599, 0.579296, 0.172039, 0.796755, -1.72068, -0.618084, 0.185956)
bind/69/name = &"c_thumb2.r"
bind/69/bone = -1
bind/69/pose = Transform3D(-0.214024, 0.976809, -0.00614654, -0.839991, -0.180827, 0.511582, 0.498606, 0.114654, 0.859213, -1.79127, -0.450456, 0.207945)
bind/70/name = &"c_thumb3.r"
bind/70/bone = -1
bind/70/pose = Transform3D(-0.188546, 0.981839, 0.0210156, -0.945559, -0.187276, 0.266167, 0.265269, 0.0303133, 0.963698, -1.77817, -0.570066, 0.127027)
bind/71/name = &"neutral_bone"
bind/71/bone = -1
bind/71/pose = Transform3D(1, 0, 0, 0, 0, -1, 0, 1, 0, 0, 0, 0)
bind/72/name = &"neutral_bone_2"
bind/72/bone = -1
bind/72/pose = Transform3D(1, 0, 0, 0, 0, -1, 0, 1, 0, 0, 0, 0)
bind/73/name = &"neutral_bone_3"
bind/73/bone = -1
bind/73/pose = Transform3D(1, 0, 0, 0, 0, -1, 0, 1, 0, 0, 0, 0)

[sub_resource type="ArrayMesh" id="ArrayMesh_yonrs"]
_surfaces = [{
"aabb": AABB(-0.174172, 0.945897, -0.163987, 0.348344, 0.808015, 0.0859526),
"format": 4097,
"index_count": 528,
"index_data": PackedByteArray(31, 0, 33, 0, 44, 0, 31, 0, 30, 0, 33, 0, 34, 0, 20, 0, 50, 0, 34, 0, 54, 0, 20, 0, 40, 0, 29, 0, 47, 0, 40, 0, 23, 0, 29, 0, 7, 0, 37, 0, 10, 0, 7, 0, 38, 0, 37, 0, 36, 0, 34, 0, 50, 0, 36, 0, 9, 0, 34, 0, 6, 0, 33, 0, 45, 0, 6, 0, 57, 0, 33, 0, 28, 0, 46, 0, 27, 0, 28, 0, 15, 0, 46, 0, 38, 0, 36, 0, 53, 0, 38, 0, 7, 0, 36, 0, 35, 0, 22, 0, 19, 0, 35, 0, 52, 0, 22, 0, 48, 0, 39, 0, 13, 0, 48, 0, 42, 0, 39, 0, 39, 0, 51, 0, 12, 0, 39, 0, 41, 0, 51, 0, 16, 0, 32, 0, 13, 0, 16, 0, 26, 0, 32, 0, 51, 0, 14, 0, 12, 0, 51, 0, 56, 0, 14, 0, 5, 0, 33, 0, 57, 0, 5, 0, 44, 0, 33, 0, 35, 0, 57, 0, 52, 0, 35, 0, 5, 0, 57, 0, 6, 0, 55, 0, 8, 0, 6, 0, 45, 0, 55, 0, 15, 0, 26, 0, 16, 0, 15, 0, 28, 0, 26, 0, 10, 0, 8, 0, 7, 0, 10, 0, 6, 0, 8, 0, 56, 0, 43, 0, 49, 0, 56, 0, 51, 0, 43, 0, 56, 0, 21, 0, 20, 0, 56, 0, 49, 0, 21, 0, 10, 0, 22, 0, 52, 0, 10, 0, 37, 0, 22, 0, 50, 0, 53, 0, 36, 0, 50, 0, 58, 0, 53, 0, 20, 0, 58, 0, 50, 0, 20, 0, 21, 0, 58, 0, 7, 0, 9, 0, 36, 0, 7, 0, 8, 0, 9, 0, 14, 0, 16, 0, 12, 0, 14, 0, 15, 0, 16, 0, 14, 0, 20, 0, 54, 0, 14, 0, 56, 0, 20, 0, 57, 0, 10, 0, 52, 0, 57, 0, 6, 0, 10, 0, 9, 0, 47, 0, 34, 0, 9, 0, 40, 0, 47, 0, 54, 0, 47, 0, 46, 0, 54, 0, 34, 0, 47, 0, 8, 0, 40, 0, 9, 0, 8, 0, 55, 0, 40, 0, 47, 0, 27, 0, 46, 0, 47, 0, 29, 0, 27, 0, 45, 0, 24, 0, 55, 0, 45, 0, 25, 0, 24, 0, 55, 0, 23, 0, 40, 0, 55, 0, 24, 0, 23, 0, 33, 0, 25, 0, 45, 0, 33, 0, 30, 0, 25, 0, 15, 0, 54, 0, 46, 0, 15, 0, 14, 0, 54, 0, 17, 0, 11, 0, 59, 0, 17, 0, 41, 0, 11, 0, 32, 0, 48, 0, 13, 0, 32, 0, 18, 0, 48, 0, 39, 0, 16, 0, 13, 0, 39, 0, 12, 0, 16, 0, 41, 0, 42, 0, 11, 0, 41, 0, 39, 0, 42, 0, 41, 0, 43, 0, 51, 0, 41, 0, 17, 0, 43, 0, 2, 0, 44, 0, 4, 0, 2, 0, 31, 0, 44, 0, 4, 0, 5, 0, 0, 0, 4, 0, 44, 0, 5, 0, 0, 0, 35, 0, 3, 0, 0, 0, 5, 0, 35, 0, 3, 0, 19, 0, 1, 0, 3, 0, 35, 0, 19, 0, 31, 0, 82, 0, 30, 0, 31, 0, 93, 0, 82, 0, 83, 0, 79, 0, 103, 0, 83, 0, 99, 0, 79, 0, 89, 0, 29, 0, 23, 0, 89, 0, 96, 0, 29, 0, 66, 0, 86, 0, 87, 0, 66, 0, 69, 0, 86, 0, 85, 0, 83, 0, 68, 0, 85, 0, 99, 0, 83, 0, 65, 0, 82, 0, 106, 0, 65, 0, 94, 0, 82, 0, 28, 0, 95, 0, 74, 0, 28, 0, 27, 0, 95, 0, 87, 0, 85, 0, 66, 0, 87, 0, 102, 0, 85, 0, 84, 0, 81, 0, 101, 0, 84, 0, 78, 0, 81, 0, 97, 0, 88, 0, 91, 0, 97, 0, 72, 0, 88, 0, 88, 0, 100, 0, 90, 0, 88, 0, 71, 0, 100, 0, 75, 0, 32, 0, 26, 0, 75, 0, 72, 0, 32, 0, 100, 0, 73, 0, 105, 0, 100, 0, 71, 0, 73, 0, 64, 0, 82, 0, 93, 0, 64, 0, 106, 0, 82, 0, 84, 0, 106, 0, 64, 0, 84, 0, 101, 0, 106, 0, 65, 0, 104, 0, 94, 0, 65, 0, 67, 0, 104, 0, 74, 0, 26, 0, 28, 0, 74, 0, 75, 0, 26, 0, 69, 0, 67, 0, 65, 0, 69, 0, 66, 0, 67, 0, 105, 0, 92, 0, 100, 0, 105, 0, 98, 0, 92, 0, 105, 0, 80, 0, 98, 0, 105, 0, 79, 0, 80, 0, 69, 0, 81, 0, 86, 0, 69, 0, 101, 0, 81, 0, 99, 0, 102, 0, 107, 0, 99, 0, 85, 0, 102, 0, 79, 0, 107, 0, 80, 0, 79, 0, 99, 0, 107, 0, 66, 0, 68, 0, 67, 0, 66, 0, 85, 0, 68, 0, 73, 0, 75, 0, 74, 0, 73, 0, 71, 0, 75, 0, 73, 0, 79, 0, 105, 0, 73, 0, 103, 0, 79, 0, 106, 0, 69, 0, 65, 0, 106, 0, 101, 0, 69, 0, 68, 0, 96, 0, 89, 0, 68, 0, 83, 0, 96, 0, 103, 0, 96, 0, 83, 0, 103, 0, 95, 0, 96, 0, 67, 0, 89, 0, 104, 0, 67, 0, 68, 0, 89, 0, 96, 0, 27, 0, 29, 0, 96, 0, 95, 0, 27, 0, 94, 0, 24, 0, 25, 0, 94, 0, 104, 0, 24, 0, 104, 0, 23, 0, 24, 0, 104, 0, 89, 0, 23, 0, 82, 0, 25, 0, 30, 0, 82, 0, 94, 0, 25, 0, 74, 0, 103, 0, 73, 0, 74, 0, 95, 0, 103, 0, 76, 0, 70, 0, 90, 0, 76, 0, 108, 0, 70, 0, 32, 0, 97, 0, 77, 0, 32, 0, 72, 0, 97, 0, 88, 0, 75, 0, 71, 0, 88, 0, 72, 0, 75, 0, 90, 0, 91, 0, 88, 0, 90, 0, 70, 0, 91, 0, 90, 0, 92, 0, 76, 0, 90, 0, 100, 0, 92, 0, 2, 0, 93, 0, 31, 0, 2, 0, 63, 0, 93, 0, 63, 0, 64, 0, 93, 0, 63, 0, 60, 0, 64, 0, 60, 0, 84, 0, 64, 0, 60, 0, 62, 0, 84, 0, 62, 0, 78, 0, 84, 0, 62, 0, 61, 0, 78, 0),
"lods": [0.00999661, PackedByteArray(31, 0, 33, 0, 44, 0, 2, 0, 31, 0, 44, 0, 2, 0, 44, 0, 4, 0, 4, 0, 44, 0, 5, 0, 5, 0, 44, 0, 33, 0, 4, 0, 5, 0, 0, 0, 2, 0, 93, 0, 31, 0, 2, 0, 63, 0, 93, 0, 31, 0, 93, 0, 82, 0, 31, 0, 82, 0, 33, 0, 63, 0, 64, 0, 93, 0, 64, 0, 82, 0, 93, 0, 63, 0, 60, 0, 64, 0, 0, 0, 5, 0, 35, 0, 0, 0, 35, 0, 3, 0, 3, 0, 35, 0, 19, 0, 3, 0, 19, 0, 1, 0, 35, 0, 22, 0, 19, 0, 35, 0, 5, 0, 57, 0, 35, 0, 57, 0, 22, 0, 5, 0, 33, 0, 57, 0, 57, 0, 37, 0, 22, 0, 6, 0, 57, 0, 33, 0, 57, 0, 6, 0, 37, 0, 37, 0, 6, 0, 9, 0, 6, 0, 33, 0, 45, 0, 33, 0, 25, 0, 45, 0, 82, 0, 25, 0, 33, 0, 6, 0, 45, 0, 55, 0, 6, 0, 55, 0, 9, 0, 45, 0, 25, 0, 24, 0, 45, 0, 24, 0, 55, 0, 82, 0, 94, 0, 25, 0, 94, 0, 24, 0, 25, 0, 65, 0, 94, 0, 82, 0, 94, 0, 104, 0, 24, 0, 65, 0, 104, 0, 94, 0, 55, 0, 24, 0, 23, 0, 104, 0, 23, 0, 24, 0, 55, 0, 23, 0, 40, 0, 9, 0, 55, 0, 40, 0, 40, 0, 23, 0, 47, 0, 9, 0, 40, 0, 47, 0, 104, 0, 89, 0, 23, 0, 89, 0, 47, 0, 23, 0, 65, 0, 68, 0, 104, 0, 68, 0, 89, 0, 104, 0, 65, 0, 82, 0, 106, 0, 64, 0, 106, 0, 82, 0, 86, 0, 68, 0, 65, 0, 106, 0, 86, 0, 65, 0, 84, 0, 106, 0, 64, 0, 106, 0, 81, 0, 86, 0, 84, 0, 81, 0, 106, 0, 60, 0, 84, 0, 64, 0, 84, 0, 78, 0, 81, 0, 60, 0, 62, 0, 84, 0, 62, 0, 78, 0, 84, 0, 62, 0, 61, 0, 78, 0, 86, 0, 85, 0, 68, 0, 85, 0, 86, 0, 87, 0, 87, 0, 102, 0, 85, 0, 85, 0, 83, 0, 68, 0, 68, 0, 83, 0, 89, 0, 99, 0, 85, 0, 102, 0, 85, 0, 99, 0, 83, 0, 99, 0, 102, 0, 107, 0, 99, 0, 107, 0, 80, 0, 83, 0, 99, 0, 73, 0, 73, 0, 89, 0, 83, 0, 105, 0, 99, 0, 80, 0, 73, 0, 99, 0, 105, 0, 105, 0, 80, 0, 98, 0, 105, 0, 98, 0, 92, 0, 73, 0, 74, 0, 89, 0, 105, 0, 92, 0, 100, 0, 100, 0, 73, 0, 105, 0, 89, 0, 74, 0, 47, 0, 100, 0, 88, 0, 73, 0, 73, 0, 88, 0, 74, 0, 90, 0, 100, 0, 92, 0, 88, 0, 100, 0, 90, 0, 90, 0, 92, 0, 76, 0, 76, 0, 70, 0, 90, 0, 76, 0, 108, 0, 70, 0, 90, 0, 70, 0, 91, 0, 90, 0, 91, 0, 88, 0, 97, 0, 88, 0, 91, 0, 97, 0, 72, 0, 88, 0, 88, 0, 72, 0, 74, 0, 32, 0, 72, 0, 97, 0, 74, 0, 72, 0, 32, 0, 32, 0, 97, 0, 77, 0, 74, 0, 32, 0, 15, 0, 15, 0, 47, 0, 74, 0, 32, 0, 18, 0, 48, 0, 32, 0, 48, 0, 13, 0, 15, 0, 32, 0, 13, 0, 48, 0, 39, 0, 13, 0, 39, 0, 15, 0, 13, 0, 48, 0, 42, 0, 39, 0, 15, 0, 34, 0, 47, 0, 9, 0, 47, 0, 34, 0, 39, 0, 14, 0, 15, 0, 15, 0, 14, 0, 34, 0, 41, 0, 39, 0, 42, 0, 41, 0, 42, 0, 11, 0, 17, 0, 41, 0, 11, 0, 17, 0, 11, 0, 59, 0, 41, 0, 17, 0, 43, 0, 39, 0, 41, 0, 51, 0, 41, 0, 43, 0, 51, 0, 39, 0, 51, 0, 14, 0, 56, 0, 51, 0, 43, 0, 51, 0, 56, 0, 14, 0, 56, 0, 43, 0, 49, 0, 56, 0, 49, 0, 21, 0, 14, 0, 56, 0, 50, 0, 56, 0, 21, 0, 50, 0, 14, 0, 50, 0, 34, 0, 50, 0, 21, 0, 58, 0, 50, 0, 58, 0, 53, 0, 36, 0, 34, 0, 50, 0, 50, 0, 53, 0, 36, 0, 36, 0, 9, 0, 34, 0, 38, 0, 36, 0, 53, 0, 37, 0, 9, 0, 36, 0, 36, 0, 38, 0, 37, 0), 0.0159003, PackedByteArray(6, 0, 44, 0, 45, 0, 0, 0, 44, 0, 6, 0, 4, 0, 44, 0, 0, 0, 2, 0, 44, 0, 4, 0, 2, 0, 93, 0, 44, 0, 93, 0, 45, 0, 44, 0, 2, 0, 63, 0, 93, 0, 63, 0, 60, 0, 93, 0, 19, 0, 0, 0, 6, 0, 0, 0, 19, 0, 3, 0, 3, 0, 19, 0, 1, 0, 19, 0, 6, 0, 22, 0, 6, 0, 37, 0, 22, 0, 37, 0, 6, 0, 34, 0, 37, 0, 34, 0, 38, 0, 6, 0, 45, 0, 34, 0, 34, 0, 53, 0, 38, 0, 34, 0, 58, 0, 53, 0, 34, 0, 21, 0, 58, 0, 49, 0, 21, 0, 34, 0, 34, 0, 45, 0, 15, 0, 42, 0, 49, 0, 34, 0, 15, 0, 42, 0, 34, 0, 42, 0, 41, 0, 49, 0, 41, 0, 43, 0, 49, 0, 41, 0, 17, 0, 43, 0, 41, 0, 42, 0, 11, 0, 17, 0, 41, 0, 11, 0, 17, 0, 11, 0, 59, 0, 42, 0, 15, 0, 48, 0, 15, 0, 32, 0, 48, 0, 32, 0, 18, 0, 48, 0, 97, 0, 32, 0, 15, 0, 32, 0, 97, 0, 77, 0, 89, 0, 97, 0, 15, 0, 89, 0, 15, 0, 45, 0, 94, 0, 89, 0, 45, 0, 93, 0, 94, 0, 45, 0, 65, 0, 94, 0, 93, 0, 65, 0, 89, 0, 94, 0, 60, 0, 65, 0, 93, 0, 68, 0, 97, 0, 89, 0, 65, 0, 68, 0, 89, 0, 78, 0, 65, 0, 60, 0, 60, 0, 62, 0, 78, 0, 62, 0, 61, 0, 78, 0, 78, 0, 81, 0, 65, 0, 65, 0, 81, 0, 86, 0, 86, 0, 68, 0, 65, 0, 86, 0, 87, 0, 68, 0, 68, 0, 91, 0, 97, 0, 87, 0, 99, 0, 68, 0, 99, 0, 87, 0, 102, 0, 99, 0, 102, 0, 107, 0, 99, 0, 107, 0, 80, 0, 98, 0, 99, 0, 80, 0, 68, 0, 99, 0, 98, 0, 98, 0, 91, 0, 68, 0, 91, 0, 98, 0, 90, 0, 90, 0, 98, 0, 92, 0, 90, 0, 70, 0, 91, 0, 90, 0, 92, 0, 76, 0, 76, 0, 70, 0, 90, 0, 76, 0, 108, 0, 70, 0), 0.0500226, PackedByteArray(19, 0, 2, 0, 22, 0, 2, 0, 37, 0, 22, 0, 3, 0, 19, 0, 1, 0, 0, 0, 19, 0, 3, 0, 19, 0, 0, 0, 2, 0, 37, 0, 2, 0, 48, 0, 37, 0, 48, 0, 38, 0, 48, 0, 53, 0, 38, 0, 48, 0, 58, 0, 53, 0, 48, 0, 21, 0, 58, 0, 49, 0, 21, 0, 48, 0, 48, 0, 43, 0, 49, 0, 48, 0, 17, 0, 43, 0, 17, 0, 48, 0, 59, 0, 48, 0, 2, 0, 18, 0, 18, 0, 97, 0, 77, 0, 2, 0, 97, 0, 18, 0, 91, 0, 97, 0, 2, 0, 76, 0, 70, 0, 91, 0, 76, 0, 108, 0, 70, 0, 91, 0, 98, 0, 76, 0, 76, 0, 98, 0, 92, 0, 91, 0, 102, 0, 98, 0, 2, 0, 102, 0, 91, 0, 98, 0, 102, 0, 80, 0, 102, 0, 107, 0, 80, 0, 87, 0, 102, 0, 2, 0, 86, 0, 87, 0, 2, 0, 2, 0, 81, 0, 86, 0, 78, 0, 81, 0, 2, 0, 2, 0, 62, 0, 78, 0, 62, 0, 61, 0, 78, 0), 0.0544317, PackedByteArray(1, 0, 107, 0, 108, 0, 108, 0, 107, 0, 92, 0, 1, 0, 61, 0, 107, 0, 1, 0, 108, 0, 59, 0), 0.0828131, PackedByteArray(59, 0, 43, 0, 58, 0, 59, 0, 17, 0, 43, 0, 58, 0, 1, 0, 59, 0, 1, 0, 92, 0, 59, 0, 1, 0, 86, 0, 92, 0, 92, 0, 86, 0, 107, 0, 1, 0, 81, 0, 86, 0, 81, 0, 1, 0, 61, 0)],
"name": "Cloak",
"primitive": 3,
"vertex_count": 109,
"vertex_data": PackedByteArray(154, 161, 161, 61, 150, 45, 224, 63, 11, 7, 194, 189, 214, 52, 23, 62, 153, 97, 222, 63, 163, 208, 159, 189, 0, 0, 0, 0, 53, 128, 224, 63, 55, 5, 219, 189, 195, 49, 241, 61, 208, 90, 223, 63, 232, 200, 183, 189, 116, 37, 40, 61, 55, 87, 224, 63, 33, 157, 200, 189, 153, 161, 161, 61, 200, 148, 217, 63, 180, 177, 235, 189, 150, 146, 172, 61, 232, 138, 198, 63, 12, 151, 19, 190, 154, 150, 5, 62, 226, 251, 187, 63, 159, 36, 18, 190, 211, 249, 177, 61, 133, 254, 187, 63, 58, 7, 23, 190, 98, 76, 181, 61, 227, 157, 177, 63, 156, 60, 25, 190, 234, 151, 1, 62, 99, 184, 198, 63, 82, 128, 11, 190, 115, 127, 21, 62, 61, 243, 114, 63, 155, 151, 29, 190, 250, 143, 195, 61, 129, 11, 135, 63, 3, 140, 30, 190, 253, 77, 74, 61, 102, 97, 121, 63, 207, 192, 34, 190, 25, 95, 189, 61, 138, 180, 145, 63, 114, 132, 26, 190, 166, 78, 62, 61, 251, 172, 145, 63, 227, 173, 30, 190, 28, 255, 68, 61, 29, 29, 135, 63, 61, 221, 34, 190, 205, 161, 48, 62, 138, 248, 118, 63, 16, 204, 18, 190, 230, 205, 68, 60, 16, 195, 115, 63, 70, 236, 39, 190, 189, 121, 28, 62, 130, 50, 216, 63, 77, 218, 200, 189, 255, 125, 11, 62, 211, 132, 156, 63, 223, 83, 23, 190, 195, 81, 44, 62, 100, 171, 156, 63, 174, 211, 12, 190, 252, 158, 26, 62, 28, 210, 208, 63, 31, 219, 232, 189, 0, 0, 0, 0, 53, 107, 177, 63, 186, 35, 31, 190, 0, 0, 0, 0, 212, 234, 187, 63, 210, 13, 32, 190, 0, 0, 0, 0, 46, 132, 198, 63, 13, 235, 32, 190, 0, 0, 0, 0, 178, 42, 135, 63, 204, 42, 37, 190, 0, 0, 0, 0, 159, 73, 156, 63, 142, 32, 31, 190, 0, 0, 0, 0, 247, 173, 145, 63, 96, 219, 32, 190, 0, 0, 0, 0, 124, 226, 166, 63, 99, 35, 31, 190, 0, 0, 0, 0, 62, 89, 209, 63, 159, 58, 25, 190, 0, 0, 0, 0, 103, 231, 217, 63, 167, 83, 2, 190, 0, 0, 0, 0, 226, 247, 121, 63, 38, 26, 37, 190, 112, 157, 40, 61, 164, 62, 209, 63, 105, 217, 17, 190, 249, 216, 183, 61, 10, 13, 167, 63, 141, 18, 25, 190, 193, 49, 241, 61, 225, 71, 217, 63, 65, 116, 225, 189, 122, 226, 7, 62, 193, 251, 177, 63, 206, 77, 23, 190, 88, 147, 31, 62, 161, 79, 199, 63, 154, 254, 0, 190, 244, 33, 37, 62, 255, 223, 187, 63, 131, 174, 7, 190, 80, 215, 203, 61, 46, 18, 121, 63, 126, 27, 30, 190, 74, 169, 53, 61, 55, 117, 177, 63, 47, 42, 29, 190, 206, 184, 20, 62, 162, 244, 119, 63, 96, 250, 29, 190, 219, 14, 225, 61, 84, 38, 114, 63, 251, 224, 30, 190, 31, 90, 50, 62, 4, 63, 135, 63, 94, 228, 18, 190, 116, 37, 40, 61, 105, 190, 217, 63, 3, 66, 242, 189, 106, 38, 45, 61, 133, 128, 198, 63, 236, 85, 25, 190, 127, 203, 58, 61, 35, 78, 156, 63, 143, 2, 29, 190, 202, 74, 56, 61, 190, 235, 166, 63, 217, 21, 29, 190, 47, 245, 72, 61, 218, 97, 117, 63, 56, 13, 35, 190, 160, 66, 46, 62, 95, 243, 145, 63, 166, 145, 14, 190, 34, 192, 9, 62, 144, 70, 167, 63, 45, 81, 23, 190, 58, 86, 17, 62, 185, 14, 135, 63, 236, 107, 29, 190, 130, 10, 250, 61, 20, 239, 208, 63, 104, 119, 2, 190, 87, 118, 39, 62, 232, 139, 178, 63, 230, 211, 12, 190, 29, 70, 186, 61, 244, 97, 156, 63, 66, 236, 24, 190, 185, 58, 50, 61, 172, 237, 187, 63, 7, 134, 28, 190, 212, 95, 13, 62, 246, 205, 145, 63, 226, 21, 25, 190, 115, 159, 166, 61, 245, 30, 209, 63, 74, 159, 12, 190, 35, 39, 42, 62, 76, 130, 167, 63, 168, 211, 12, 190, 216, 37, 38, 62, 216, 241, 114, 63, 218, 31, 15, 190, 154, 161, 161, 189, 150, 45, 224, 63, 11, 7, 194, 189, 214, 52, 23, 190, 153, 97, 222, 63, 163, 208, 159, 189, 195, 49, 241, 189, 208, 90, 223, 63, 232, 200, 183, 189, 116, 37, 40, 189, 55, 87, 224, 63, 33, 157, 200, 189, 153, 161, 161, 189, 200, 148, 217, 63, 180, 177, 235, 189, 150, 146, 172, 189, 232, 138, 198, 63, 12, 151, 19, 190, 154, 150, 5, 190, 226, 251, 187, 63, 159, 36, 18, 190, 211, 249, 177, 189, 133, 254, 187, 63, 58, 7, 23, 190, 98, 76, 181, 189, 227, 157, 177, 63, 156, 60, 25, 190, 234, 151, 1, 190, 99, 184, 198, 63, 82, 128, 11, 190, 115, 127, 21, 190, 61, 243, 114, 63, 155, 151, 29, 190, 250, 143, 195, 189, 129, 11, 135, 63, 3, 140, 30, 190, 253, 77, 74, 189, 102, 97, 121, 63, 207, 192, 34, 190, 25, 95, 189, 189, 138, 180, 145, 63, 114, 132, 26, 190, 166, 78, 62, 189, 251, 172, 145, 63, 227, 173, 30, 190, 28, 255, 68, 189, 29, 29, 135, 63, 61, 221, 34, 190, 205, 161, 48, 190, 138, 248, 118, 63, 16, 204, 18, 190, 230, 205, 68, 188, 16, 195, 115, 63, 70, 236, 39, 190, 189, 121, 28, 190, 130, 50, 216, 63, 77, 218, 200, 189, 255, 125, 11, 190, 211, 132, 156, 63, 223, 83, 23, 190, 195, 81, 44, 190, 100, 171, 156, 63, 174, 211, 12, 190, 252, 158, 26, 190, 28, 210, 208, 63, 31, 219, 232, 189, 112, 157, 40, 189, 164, 62, 209, 63, 105, 217, 17, 190, 249, 216, 183, 189, 10, 13, 167, 63, 141, 18, 25, 190, 193, 49, 241, 189, 225, 71, 217, 63, 65, 116, 225, 189, 122, 226, 7, 190, 193, 251, 177, 63, 206, 77, 23, 190, 88, 147, 31, 190, 161, 79, 199, 63, 154, 254, 0, 190, 244, 33, 37, 190, 255, 223, 187, 63, 131, 174, 7, 190, 80, 215, 203, 189, 46, 18, 121, 63, 126, 27, 30, 190, 74, 169, 53, 189, 55, 117, 177, 63, 47, 42, 29, 190, 206, 184, 20, 190, 162, 244, 119, 63, 96, 250, 29, 190, 219, 14, 225, 189, 84, 38, 114, 63, 251, 224, 30, 190, 31, 90, 50, 190, 4, 63, 135, 63, 94, 228, 18, 190, 116, 37, 40, 189, 105, 190, 217, 63, 3, 66, 242, 189, 106, 38, 45, 189, 133, 128, 198, 63, 236, 85, 25, 190, 127, 203, 58, 189, 35, 78, 156, 63, 143, 2, 29, 190, 202, 74, 56, 189, 190, 235, 166, 63, 217, 21, 29, 190, 47, 245, 72, 189, 218, 97, 117, 63, 56, 13, 35, 190, 160, 66, 46, 190, 95, 243, 145, 63, 166, 145, 14, 190, 34, 192, 9, 190, 144, 70, 167, 63, 45, 81, 23, 190, 58, 86, 17, 190, 185, 14, 135, 63, 236, 107, 29, 190, 130, 10, 250, 189, 20, 239, 208, 63, 104, 119, 2, 190, 87, 118, 39, 190, 232, 139, 178, 63, 230, 211, 12, 190, 29, 70, 186, 189, 244, 97, 156, 63, 66, 236, 24, 190, 185, 58, 50, 189, 172, 237, 187, 63, 7, 134, 28, 190, 212, 95, 13, 190, 246, 205, 145, 63, 226, 21, 25, 190, 115, 159, 166, 189, 245, 30, 209, 63, 74, 159, 12, 190, 35, 39, 42, 190, 76, 130, 167, 63, 168, 211, 12, 190, 216, 37, 38, 190, 216, 241, 114, 63, 218, 31, 15, 190)
}]
blend_shape_mode = 0

[sub_resource type="ArrayMesh" id="ArrayMesh_nqrwx"]
resource_name = "player_Cube001"
_surfaces = [{
"aabb": AABB(-0.174172, 0.945897, -0.163987, 0.348344, 0.808015, 0.0859526),
"attribute_data": PackedByteArray(74, 247, 46, 63, 192, 174, 215, 62, 74, 247, 46, 63, 192, 174, 215, 62, 74, 247, 46, 63, 192, 174, 215, 62, 74, 247, 46, 63, 192, 174, 215, 62, 74, 247, 46, 63, 192, 174, 215, 62, 74, 247, 46, 63, 192, 174, 215, 62, 74, 247, 46, 63, 192, 174, 215, 62, 74, 247, 46, 63, 192, 174, 215, 62, 74, 247, 46, 63, 192, 174, 215, 62, 74, 247, 46, 63, 192, 174, 215, 62, 74, 247, 46, 63, 192, 174, 215, 62, 74, 247, 46, 63, 192, 174, 215, 62, 74, 247, 46, 63, 192, 174, 215, 62, 74, 247, 46, 63, 192, 174, 215, 62, 74, 247, 46, 63, 192, 174, 215, 62, 74, 247, 46, 63, 192, 174, 215, 62, 74, 247, 46, 63, 192, 174, 215, 62, 74, 247, 46, 63, 192, 174, 215, 62, 74, 247, 46, 63, 192, 174, 215, 62, 74, 247, 46, 63, 192, 174, 215, 62, 74, 247, 46, 63, 192, 174, 215, 62, 74, 247, 46, 63, 192, 174, 215, 62, 74, 247, 46, 63, 192, 174, 215, 62, 74, 247, 46, 63, 192, 174, 215, 62, 74, 247, 46, 63, 192, 174, 215, 62, 74, 247, 46, 63, 192, 174, 215, 62, 74, 247, 46, 63, 192, 174, 215, 62, 74, 247, 46, 63, 192, 174, 215, 62, 74, 247, 46, 63, 192, 174, 215, 62, 74, 247, 46, 63, 192, 174, 215, 62, 74, 247, 46, 63, 192, 174, 215, 62, 74, 247, 46, 63, 192, 174, 215, 62, 74, 247, 46, 63, 192, 174, 215, 62, 74, 247, 46, 63, 192, 174, 215, 62, 74, 247, 46, 63, 192, 174, 215, 62, 74, 247, 46, 63, 192, 174, 215, 62, 74, 247, 46, 63, 192, 174, 215, 62, 74, 247, 46, 63, 192, 174, 215, 62, 74, 247, 46, 63, 192, 174, 215, 62, 74, 247, 46, 63, 192, 174, 215, 62, 74, 247, 46, 63, 192, 174, 215, 62, 74, 247, 46, 63, 192, 174, 215, 62, 74, 247, 46, 63, 192, 174, 215, 62, 74, 247, 46, 63, 192, 174, 215, 62, 74, 247, 46, 63, 192, 174, 215, 62, 74, 247, 46, 63, 192, 174, 215, 62, 74, 247, 46, 63, 192, 174, 215, 62, 74, 247, 46, 63, 192, 174, 215, 62, 74, 247, 46, 63, 192, 174, 215, 62, 74, 247, 46, 63, 192, 174, 215, 62, 74, 247, 46, 63, 192, 174, 215, 62, 74, 247, 46, 63, 192, 174, 215, 62, 74, 247, 46, 63, 192, 174, 215, 62, 74, 247, 46, 63, 192, 174, 215, 62, 74, 247, 46, 63, 192, 174, 215, 62, 74, 247, 46, 63, 192, 174, 215, 62, 74, 247, 46, 63, 192, 174, 215, 62, 74, 247, 46, 63, 192, 174, 215, 62, 74, 247, 46, 63, 192, 174, 215, 62, 74, 247, 46, 63, 192, 174, 215, 62, 74, 247, 46, 63, 192, 174, 215, 62, 74, 247, 46, 63, 192, 174, 215, 62, 74, 247, 46, 63, 192, 174, 215, 62, 74, 247, 46, 63, 192, 174, 215, 62, 74, 247, 46, 63, 192, 174, 215, 62, 74, 247, 46, 63, 192, 174, 215, 62, 74, 247, 46, 63, 192, 174, 215, 62, 74, 247, 46, 63, 192, 174, 215, 62, 74, 247, 46, 63, 192, 174, 215, 62, 74, 247, 46, 63, 192, 174, 215, 62, 74, 247, 46, 63, 192, 174, 215, 62, 74, 247, 46, 63, 192, 174, 215, 62, 74, 247, 46, 63, 192, 174, 215, 62, 74, 247, 46, 63, 192, 174, 215, 62, 74, 247, 46, 63, 192, 174, 215, 62, 74, 247, 46, 63, 192, 174, 215, 62, 74, 247, 46, 63, 192, 174, 215, 62, 74, 247, 46, 63, 192, 174, 215, 62, 74, 247, 46, 63, 192, 174, 215, 62, 74, 247, 46, 63, 192, 174, 215, 62, 74, 247, 46, 63, 192, 174, 215, 62, 74, 247, 46, 63, 192, 174, 215, 62, 74, 247, 46, 63, 192, 174, 215, 62, 74, 247, 46, 63, 192, 174, 215, 62, 74, 247, 46, 63, 192, 174, 215, 62, 74, 247, 46, 63, 192, 174, 215, 62, 74, 247, 46, 63, 192, 174, 215, 62, 74, 247, 46, 63, 192, 174, 215, 62, 74, 247, 46, 63, 192, 174, 215, 62, 74, 247, 46, 63, 192, 174, 215, 62, 74, 247, 46, 63, 192, 174, 215, 62, 74, 247, 46, 63, 192, 174, 215, 62, 74, 247, 46, 63, 192, 174, 215, 62, 74, 247, 46, 63, 192, 174, 215, 62, 74, 247, 46, 63, 192, 174, 215, 62, 74, 247, 46, 63, 192, 174, 215, 62, 74, 247, 46, 63, 192, 174, 215, 62, 74, 247, 46, 63, 192, 174, 215, 62, 74, 247, 46, 63, 192, 174, 215, 62, 74, 247, 46, 63, 192, 174, 215, 62, 74, 247, 46, 63, 192, 174, 215, 62, 74, 247, 46, 63, 192, 174, 215, 62, 74, 247, 46, 63, 192, 174, 215, 62, 74, 247, 46, 63, 192, 174, 215, 62, 74, 247, 46, 63, 192, 174, 215, 62, 74, 247, 46, 63, 192, 174, 215, 62, 74, 247, 46, 63, 192, 174, 215, 62, 74, 247, 46, 63, 192, 174, 215, 62, 74, 247, 46, 63, 192, 174, 215, 62, 74, 247, 46, 63, 192, 174, 215, 62, 74, 247, 46, 63, 192, 174, 215, 62, 74, 247, 46, 63, 192, 174, 215, 62, 74, 247, 46, 63, 192, 174, 215, 62, 74, 247, 46, 63, 192, 174, 215, 62, 74, 247, 46, 63, 192, 174, 215, 62),
"format": 4119,
"index_count": 528,
"index_data": PackedByteArray(32, 0, 34, 0, 45, 0, 32, 0, 31, 0, 34, 0, 35, 0, 21, 0, 51, 0, 35, 0, 55, 0, 21, 0, 41, 0, 30, 0, 48, 0, 41, 0, 24, 0, 30, 0, 7, 0, 38, 0, 10, 0, 7, 0, 39, 0, 38, 0, 37, 0, 35, 0, 51, 0, 37, 0, 9, 0, 35, 0, 6, 0, 34, 0, 46, 0, 6, 0, 58, 0, 34, 0, 29, 0, 47, 0, 28, 0, 29, 0, 16, 0, 47, 0, 39, 0, 37, 0, 54, 0, 39, 0, 7, 0, 37, 0, 36, 0, 23, 0, 20, 0, 36, 0, 53, 0, 23, 0, 49, 0, 40, 0, 14, 0, 49, 0, 43, 0, 40, 0, 40, 0, 52, 0, 13, 0, 40, 0, 42, 0, 52, 0, 17, 0, 33, 0, 14, 0, 17, 0, 27, 0, 33, 0, 52, 0, 15, 0, 13, 0, 52, 0, 57, 0, 15, 0, 5, 0, 34, 0, 58, 0, 5, 0, 45, 0, 34, 0, 36, 0, 58, 0, 53, 0, 36, 0, 5, 0, 58, 0, 6, 0, 56, 0, 8, 0, 6, 0, 46, 0, 56, 0, 16, 0, 27, 0, 17, 0, 16, 0, 29, 0, 27, 0, 10, 0, 8, 0, 7, 0, 10, 0, 6, 0, 8, 0, 57, 0, 44, 0, 50, 0, 57, 0, 52, 0, 44, 0, 57, 0, 22, 0, 21, 0, 57, 0, 50, 0, 22, 0, 10, 0, 23, 0, 53, 0, 10, 0, 38, 0, 23, 0, 51, 0, 54, 0, 37, 0, 51, 0, 59, 0, 54, 0, 21, 0, 59, 0, 51, 0, 21, 0, 22, 0, 59, 0, 7, 0, 9, 0, 37, 0, 7, 0, 8, 0, 9, 0, 15, 0, 17, 0, 13, 0, 15, 0, 16, 0, 17, 0, 15, 0, 21, 0, 55, 0, 15, 0, 57, 0, 21, 0, 58, 0, 10, 0, 53, 0, 58, 0, 6, 0, 10, 0, 9, 0, 48, 0, 35, 0, 9, 0, 41, 0, 48, 0, 55, 0, 48, 0, 47, 0, 55, 0, 35, 0, 48, 0, 8, 0, 41, 0, 9, 0, 8, 0, 56, 0, 41, 0, 48, 0, 28, 0, 47, 0, 48, 0, 30, 0, 28, 0, 46, 0, 25, 0, 56, 0, 46, 0, 26, 0, 25, 0, 56, 0, 24, 0, 41, 0, 56, 0, 25, 0, 24, 0, 34, 0, 26, 0, 46, 0, 34, 0, 31, 0, 26, 0, 16, 0, 55, 0, 47, 0, 16, 0, 15, 0, 55, 0, 18, 0, 12, 0, 60, 0, 18, 0, 42, 0, 12, 0, 33, 0, 49, 0, 14, 0, 33, 0, 19, 0, 49, 0, 40, 0, 17, 0, 14, 0, 40, 0, 13, 0, 17, 0, 42, 0, 43, 0, 11, 0, 42, 0, 40, 0, 43, 0, 42, 0, 44, 0, 52, 0, 42, 0, 18, 0, 44, 0, 2, 0, 45, 0, 4, 0, 2, 0, 32, 0, 45, 0, 4, 0, 5, 0, 0, 0, 4, 0, 45, 0, 5, 0, 0, 0, 36, 0, 3, 0, 0, 0, 5, 0, 36, 0, 3, 0, 20, 0, 1, 0, 3, 0, 36, 0, 20, 0, 32, 0, 84, 0, 31, 0, 32, 0, 95, 0, 84, 0, 85, 0, 81, 0, 105, 0, 85, 0, 101, 0, 81, 0, 91, 0, 30, 0, 24, 0, 91, 0, 98, 0, 30, 0, 67, 0, 88, 0, 89, 0, 67, 0, 70, 0, 88, 0, 87, 0, 85, 0, 69, 0, 87, 0, 101, 0, 85, 0, 66, 0, 84, 0, 108, 0, 66, 0, 96, 0, 84, 0, 29, 0, 97, 0, 76, 0, 29, 0, 28, 0, 97, 0, 89, 0, 87, 0, 67, 0, 89, 0, 104, 0, 87, 0, 86, 0, 83, 0, 103, 0, 86, 0, 80, 0, 83, 0, 99, 0, 90, 0, 93, 0, 99, 0, 74, 0, 90, 0, 90, 0, 102, 0, 92, 0, 90, 0, 73, 0, 102, 0, 77, 0, 33, 0, 27, 0, 77, 0, 74, 0, 33, 0, 102, 0, 75, 0, 107, 0, 102, 0, 73, 0, 75, 0, 65, 0, 84, 0, 95, 0, 65, 0, 108, 0, 84, 0, 86, 0, 108, 0, 65, 0, 86, 0, 103, 0, 108, 0, 66, 0, 106, 0, 96, 0, 66, 0, 68, 0, 106, 0, 76, 0, 27, 0, 29, 0, 76, 0, 77, 0, 27, 0, 70, 0, 68, 0, 66, 0, 70, 0, 67, 0, 68, 0, 107, 0, 94, 0, 102, 0, 107, 0, 100, 0, 94, 0, 107, 0, 82, 0, 100, 0, 107, 0, 81, 0, 82, 0, 70, 0, 83, 0, 88, 0, 70, 0, 103, 0, 83, 0, 101, 0, 104, 0, 109, 0, 101, 0, 87, 0, 104, 0, 81, 0, 109, 0, 82, 0, 81, 0, 101, 0, 109, 0, 67, 0, 69, 0, 68, 0, 67, 0, 87, 0, 69, 0, 75, 0, 77, 0, 76, 0, 75, 0, 73, 0, 77, 0, 75, 0, 81, 0, 107, 0, 75, 0, 105, 0, 81, 0, 108, 0, 70, 0, 66, 0, 108, 0, 103, 0, 70, 0, 69, 0, 98, 0, 91, 0, 69, 0, 85, 0, 98, 0, 105, 0, 98, 0, 85, 0, 105, 0, 97, 0, 98, 0, 68, 0, 91, 0, 106, 0, 68, 0, 69, 0, 91, 0, 98, 0, 28, 0, 30, 0, 98, 0, 97, 0, 28, 0, 96, 0, 25, 0, 26, 0, 96, 0, 106, 0, 25, 0, 106, 0, 24, 0, 25, 0, 106, 0, 91, 0, 24, 0, 84, 0, 26, 0, 31, 0, 84, 0, 96, 0, 26, 0, 76, 0, 105, 0, 75, 0, 76, 0, 97, 0, 105, 0, 78, 0, 71, 0, 92, 0, 78, 0, 110, 0, 71, 0, 33, 0, 99, 0, 79, 0, 33, 0, 74, 0, 99, 0, 90, 0, 77, 0, 73, 0, 90, 0, 74, 0, 77, 0, 92, 0, 93, 0, 90, 0, 92, 0, 72, 0, 93, 0, 92, 0, 94, 0, 78, 0, 92, 0, 102, 0, 94, 0, 2, 0, 95, 0, 32, 0, 2, 0, 64, 0, 95, 0, 64, 0, 65, 0, 95, 0, 64, 0, 61, 0, 65, 0, 61, 0, 86, 0, 65, 0, 61, 0, 63, 0, 86, 0, 63, 0, 80, 0, 86, 0, 63, 0, 62, 0, 80, 0),
